5.3521248035406295 2.2786458333333335e-06
5.272069954467151 5.859375e-06
5.192746210115122 1.2369791666666666e-05
5.114140337546474 7.486979166666666e-06
5.036239459875991 1.46484375e-05
4.959031043611228 6.510416666666667e-06
4.882502886550172 9.765625e-06
4.80664310620739 1.0416666666666666e-05
4.731440128741253 1.6276041666666666e-05
4.656882678356389 2.34375e-05
4.582959767157115 2.604166666666667e-05
4.509660685429007 1.66015625e-05
4.436974992327126 2.1484375e-05
4.364892506950621 2.3763020833333332e-05
4.293403299784658 3.190104166666666e-05
4.222497684491663 2.9296875e-05
4.152166210034921 5.2734375e-05
4.082399653118493 4.622395833333333e-05
4.0131890109283646 6.217447916666666e-05
3.944525494160485 6.8359375e-05
3.876400520322255 8.49609375e-05
3.8088057072946437 9.08203125e-05
3.741732867142887 0.000123046875
3.6751740001643367 0.0001572265625
3.6091212891626245 0.00016048177083333333
3.543567093937906 0.00018619791666666668
3.4785039459834692 0.00022200520833333333
3.413924543379499 0.00029231770833333334
3.349821745875272 0.0002906901041666667
3.2861885701514866 0.00029654947916666664
3.2230181852548916 0.00040950520833333334
3.1603039081977204 0.00048046875
3.0980391997148606 0.0005989583333333333
3.0362176601720234 0.0005983072916666667
2.9748330256184925 0.00078125
2.9138791639783856 0.0009446614583333334
2.8533500713746287 0.0011243489583333333
2.793239868580123 0.0012548828125
2.73354279759088 0.0014518229166666666
2.6742532183160996 0.001783203125
2.6153656053804735 0.0019127604166666666
2.55687454503414 0.0023837890625
2.4987747321659963 0.0026953125
2.4410609674162322 0.0028961588541666665
2.383728154384171 0.0034918619791666668
2.326771296927645 0.004039388020833333
2.27018549655036 0.0045126953125
2.213965949873791 0.005062825520833333
2.1581079461903894 0.0056884765625
2.1026068650949465 0.006807942708333333
2.0474581741911684 0.0074095052083333335
1.9926574268705919 0.008608723958333333
1.938200260161125 0.009824544270833332
1.8840823926426267 0.0109267578125
1.8302996224270018 0.0122919921875
1.776847825200464 0.013643229166666666
1.7237229523256632 0.015408854166666666
1.670921029001495 0.0172734375
1.6184381524785187 0.019107747395833333
1.566270490327955 0.021030598958333334
1.5144142787623633 0.023507486979166665
1.4628658210061505 0.02582356770833333
1.411621485714142 0.028422526041666667
1.3606777054365438 0.031442057291666665
1.310030975128642 0.03551334635416667
1.2596778507037127 0.037018229166666666
1.209614947627626 0.0397509765625
1.1598389395537319 0.0455703125
1.110346556996624 0.047829427083333334
1.0611345860434875 0.0527607421875
1.012199867101741 0.055483723958333335
0.9635392936817568 0.060738606770833335
0.9151498112134991 0.06640690104166666
0.8670284158959303 0.07145084635416667
0.8191721535781249 0.07532552083333334
0.7715781186710313 0.0831865234375
0.7242434530888913 0.08746875
0.6771653452193442 0.09230696614583334
0.6303410289212947 0.09887076822916667
0.5837677825496408 0.10526822916666667
0.5374429280060237 0.11124609375
0.4913638298147376 0.11773665364583333
0.4455278942230415 0.123466796875
0.3999325683250694 0.1319345703125
0.3545753392086281 0.1366533203125
0.30945373312414487 0.14397786458333334
0.26456531467509903 0.1519248046875
0.21990768602925986 0.15696809895833333
0.1754784861500994 0.164693359375
0.13127539004776148 0.17145735677083335
0.08729610804899764 0.17912858072916665
0.043538385085486915 0.18484375
