0.1013430677585152 0.14253597881473465
0.21697106392342413 0.12695153761312
0.35776763120255306 0.10413271054350907
0.4701837385851033 0.093683991249557
0.5961143506803097 0.07737506336604594
0.7189734844317313 0.06308231152300135
0.8383925624381128 0.054343375808752266
0.9766090879084612 0.04203201802976763
1.09492243371108 0.035177795675961084
1.2121300473099357 0.02748173513687969
1.338183518538894 0.020718480982488924
1.45152106942458 0.017348829489554518
1.5969248542193868 0.012532311327128827
1.7251897898558703 0.009191361011868427
1.8431345582572352 0.0074457734135136245
1.9758224227087697 0.0051994999474481735
2.085342564795751 0.004135836593031494
2.2006546374738707 0.0029801561562366047
2.3370282759379477 0.0020981682597201712
2.453744453001798 0.00165716623148236
2.5909781054021357 0.001099820769678562
2.7314060952800103 0.0007363195199086546
2.850825173286392 0.000559404088544539
2.9857245021454517 0.0003461250176292301
3.114726592584444 0.00023807476335664695
3.236725712399605 0.00017251483439900195
3.367816408112372 0.00010099771568272175
3.477161037151137 0.00007656914757654798
3.6005116074375634 0.00005065590495797528
3.726565078666521 0.000034079500402862833
3.8408240730553427 0.000026223760204224084
3.9698261634943357 0.000018145356418380093
4.083163714380022 0.000012988259631518858
4.196501265265708 0.000008007579922016107
4.335823522939819 0.000004760009217901034
4.439762350093521 0.000003516569783028218
4.600093519639126 0.0000017098499958085032
4.722952653390547 0.0000010493523554614567
4.84335460446694 7.527810826006726e-7
4.968302343492135 4.760253217285138e-7
5.075558367257126 3.426281521453386e-7
5.186131587633405 2.0520868214734946e-7
5.114093959731545 2.7956641494426997e-7
4.91275167785235 5.996214464397729e-7
4.661073825503356 0.0000013455126533719818
4.550335570469801 0.0000021076543487496065
4.4899328859060414 0.0000026379800800016942
4.288590604026846 0.000005917236467737844
4.127516778523491 0.000010606192415396282
3.8959731543624168 0.00002175676587887977
3.6644295302013434 0.00004080549675515414
3.523489932885907 0.0000639334588848819
3.302013422818793 0.00013113855520261556
2.9194630872483227 0.00042150953769055856
2.6677852348993296 0.0009044046398034689
2.5167785234899336 0.001355032474597456
2.2751677852349 0.0025415969313249205
1.9328859060402692 0.005968515778713773
1.5402684563758395 0.014021330633152118
1.4899328859060406 0.015341327863494434
1.2583892617449668 0.02515483792764641
1.13758389261745 0.03149847330983374
0.9261744966442955 0.045145766584608546
0.8859060402684569 0.049392170332559604
0.6543624161073827 0.0708028799345507
0.5335570469798658 0.08477419047723342
0.28187919463087274 0.11621615367349003
0.020134228187919545 0.15235149996407618
