64
128
194
257
327
390
451
517
580
644
708
761
823
887
958
1023
1092
1142
1208
1271
1326
1381
1445
1507
1579
1636
1691
1749
1819
1883
1939
2015
2078
2142
2208
2271
2341
2404
2465
2531
2594
2658
2722
2775
2837
2901
2972
3037
3106
3156
3222
3285
3340
3395
3459
3521
3593
3650
3705
3763
3833
3897
3953
4029
4092
4156
4222
4285
4355
4418
4479
4545
4608
4672
4736
4789
4851
4915
4986
5051
5120
5170
5236
5299
5354
5409
5473
5535
5607
5664
5719
5777
5847
5911
5967
6043
6106
6170
6236
6299
6369
6432
6493
6559
6622
6686
6750
6803
6865
6929
7000
7065
7134
7184
7250
7313
7368
7423
7487
7549
7621
7678
7733
7791
7861
7925
7981
8057
8120
8184
8250
8313
8383
8446
8507
8573
8636
8700
8764
8817
8879
8943
9014
9079
9148
9198
9264
9327
9382
9437
9501
9563
9635
9692
9747
9805
9875
9939
9995
10071
10134
10198
10264
10327
10397
10460
10521
10587
10650
10714
10778
10831
10893
10957
11028
11093
11162
11212
11278
11341
11396
11451
11515
11577
11649
11706
11761
11819
11889
11953
12009
12085
12148
12212
12278
12341
12411
12474
12535
12601
12664
12728
12792
12845
12907
12971
13042
13107
13176
13226
13292
13355
13410
13465
13529
13591
13663
13720
13775
13833
13903
13967
14023
14099
14162
14226
14292
14355
14425
14488
14549
14615
14678
14742
14806
14859
14921
14985
15056
15121
15190
15240
15306
15369
15424
15479
15543
15605
15677
15734
15789
15847
15917
15981
16037
16113
